1.694094221538456901e-01
7.166862214831903888e-02
1.563709725831469166e-02
1.934511893024787321e-02
9.643713000896964038e-02
1.161708041339754027e-01
-2.129068695191267402e-01
-1.214681322335024460e-01
-1.127083929764299830e-01
1.536645306416223322e-01
-8.128186643982504567e-02
-8.939585508944913883e-02
1.819730433247884749e-01
2.264239486253649680e-01
2.045378127348255193e-01
-4.477105970646994004e-02
-1.216278492749149898e-01
-1.953602233578008440e-01
-1.685963541623557438e-01
1.140985151024148658e-01
-1.308119098339816655e-01
-1.695504670950866988e-01
-2.423490205046303636e-01
-1.728155837741679468e-02
8.661500898059498743e-02
-1.654559558046080903e-01
-1.043560562535675307e-01
2.324894921797138747e-01
2.494712678481122992e-01
-1.216230702910376382e-01
-1.531217683713695377e-01
5.682451481901867885e-02
1.865407713524462330e-01
-2.267973792881743944e-01
1.551414005253473061e-01
7.014418760851792722e-03
-1.837655355538603263e-01
-2.141515566900547562e-01
2.013196253526681190e-01
-3.572123901110485500e-02
-2.412197890967415215e-01
6.564001094246091350e-02
7.970645322627500917e-02
-7.740495304222844153e-02
-5.674304603130114755e-02
-1.946670590324566796e-01
4.550624965824767720e-02
1.135848357981666945e-01
-2.276024513361929458e-01
-2.498933692585253996e-01
-3.079536425368517571e-02
-2.492231531397799960e-01
-2.114705022483724939e-01
2.320128720945176526e-01
2.338565182102346207e-01
-1.796056760324484247e-01
1.853613394900996414e-01
-1.458439715357646715e-01
-1.361072139692224847e-01
-7.381379984774466552e-02
-2.925647703699130187e-02
-7.343393944387766048e-03
1.713454814533904580e-01
-1.938126061428639968e-01
1.392866688103774342e-01
-7.648119523798413422e-02
1.075371211017286388e-01
-2.061645716700971631e-01
6.442853391565434018e-02
7.419968350290834236e-02
-5.297724032522410642e-02
1.651289974201248234e-01
1.780025806575393221e-01
1.796036323778485433e-01
2.068143827743670338e-01
1.406739257129370202e-01
-1.352124532473636398e-01
-3.454152495327234007e-02
9.221152659973136378e-02
5.175497414580071398e-02
1.991084500658645839e-01
1.482442620163482716e-01
2.273733796007159635e-01
7.830676376633988189e-02
-1.031737527247043040e-01
-2.241344532826594071e-01
-2.564473170781056410e-02
1.929774305256384270e-01
-1.248671977434635538e-01
-9.807154752037389178e-02
1.741584486892088779e-01
9.610790035453342650e-03
1.861827366098451342e-01
1.697263190431989033e-01
-1.281441793077339186e-01
-2.285268191302106677e-01
2.006883451510321770e-01
-1.964746196243034593e-01
2.740691218886703862e-02
-2.173010035271684681e-01
