-7.789328077618223878e-02
-2.140644040388510749e-01
-2.322673194448550693e-01
-2.654591673590256384e-02
1.810160110223724139e-01
-1.037264869034157933e-01
-2.320708745513485605e-01
6.936962771643517822e-02
-1.657962136634919537e-01
-1.390260805736169836e-01
-3.560480887277839290e-02
-4.249964487802765367e-02
-9.695083105417617864e-02
1.563457326369109834e-01
3.431740328349613955e-02
1.122589929033553924e-01
-1.343826626149982606e-01
-2.023301226027472977e-01
1.699584815292232154e-01
1.483420549484615325e-02
5.363733925961811089e-02
9.161358439190209202e-02
2.688923652970853784e-02
2.028557845763284129e-01
1.142676450390364140e-01
7.402845344350472701e-02
1.661784348027638969e-01
-2.271721822842054372e-01
3.104090285118932258e-02
-3.298288274373722961e-02
1.229338723695937996e-01
1.434133031403376224e-01
1.819378998266235059e-01
1.839089797014242245e-01
2.286845147980881565e-02
-3.529700932714296968e-02
2.117038008802470950e-01
-1.994969676154804694e-01
1.839510142743212562e-01
-4.926343084983186849e-03
9.293596093804207259e-02
-1.203032165664084663e-01
-6.987572590589530286e-02
-5.982536410069849708e-02
-7.779203887007768436e-02
-2.726618686043602580e-02
-2.016343515874315373e-01
-1.064792857706191587e-01
-2.166208513971162875e-02
2.173311477386458135e-01
-6.419033189997513933e-02
2.104147997883789034e-01
-1.953065395636532919e-01
-4.011980587833308132e-03
-1.075302542047126830e-01
-5.723083952647262107e-02
-1.457637952362170197e-01
-7.939251531379659665e-02
7.383802537115152775e-02
1.709645092262651600e-01
-8.833170178262278460e-02
-2.418486967304190882e-01
-3.162193719826694727e-02
-2.113098428099805526e-01
1.519060619044156901e-01
-2.109779155170808940e-01
-2.327851978934338262e-01
4.041446255174629965e-02
-2.100323064102292414e-01
1.836664129856467875e-01
-1.289134224644546411e-01
-1.223044247311491639e-01
2.402984822532618914e-01
-5.979516758597341886e-02
-1.876091236023892939e-01
1.502594673571905348e-02
-4.384587215871099675e-02
1.933916573723202803e-01
-7.582268690412857781e-02
-1.715131884379026417e-01
-2.186691164689804068e-01
-2.126694534422421956e-01
7.116541883966093218e-02
-1.483107703070178363e-01
-1.300757719033708848e-01
2.430379434342551659e-01
2.387967613265004063e-01
1.100453670064872047e-01
4.605079624378732861e-02
-3.489064206963898851e-02
1.410836118510495063e-01
1.477552746170958664e-01
-1.397649852137538562e-01
1.564552237267530233e-01
3.994357413292670689e-02
2.142050266760339161e-01
-2.234127108247808691e-01
-2.207143841611698964e-01
2.084519074733476307e-01
-1.948404258345605156e-01
