-6.054052610946314417e-02
3.059975576779283557e-03
2.431084703300648853e-01
2.358170814015694838e-01
1.918547904958822770e-01
-1.038757706501500233e-01
-1.609214729414204514e-02
7.424134986502678446e-02
-1.689151904907659207e-01
1.102718055629155480e-01
-1.592549179034194462e-01
1.300042463757867250e-01
-1.390314358174250531e-01
-3.702863303783432425e-02
1.045694720237265174e-01
-1.984021869124211745e-01
-1.522649518850069938e-01
1.098591607316837249e-01
1.441003866352820184e-01
2.097064800636729287e-01
2.022753629980182377e-01
-1.758496905817379385e-01
1.885351010394136217e-01
1.817029617115569207e-01
1.236859922988353677e-01
1.480216220253587900e-01
-2.052742895973082571e-01
4.163714988957051277e-02
1.812548327715192698e-01
8.583247854847614322e-02
2.075733183017874350e-01
-1.588928188148079901e-01
-1.840191159173504842e-01
-1.314137441506961212e-01
2.519723874383483775e-04
2.233226352371517343e-01
-2.492778435910990020e-01
-1.554433743803845247e-01
8.417459833530038793e-03
1.518593011640442247e-01
-6.841726784088553170e-02
-1.990591528595715420e-01
-1.060122281513116160e-01
-2.005973708105372455e-01
-1.125191269229256497e-01
1.616973202166077650e-01
-1.470339230270326092e-01
-2.125830274893448224e-01
-2.303699298348307334e-01
1.796923853573466623e-01
2.374688281255210587e-01
8.841500415706604610e-02
-2.208794507433619048e-01
-2.389956959284476046e-01
3.282345634823935487e-03
2.467681875555793325e-01
-5.964988432209067382e-02
1.065627706676410824e-01
2.141914925811991832e-01
8.987747533520007437e-02
1.259690635384930757e-01
-2.248881669823948881e-01
2.108877072686803911e-01
2.216929056225626637e-01
3.137021243625071065e-02
-1.650023428229414613e-01
1.622690723903468246e-01
8.335147482554722265e-02
6.084722325210528693e-02
9.850251162970896646e-02
-3.698668874493971082e-02
-8.395711179347126185e-02
2.232302132920925275e-01
2.190579351782967477e-02
7.487557827881197170e-02
1.818470781838232853e-02
7.336058040714410478e-03
-2.335972753001824831e-02
-9.108109043420536954e-02
-7.540546357596555893e-02
-9.308660279916752822e-02
-1.797369360802208993e-02
-1.369207835084753078e-01
-1.863376192454012092e-01
1.085418148405185579e-01
1.989767711699982899e-01
2.344105847956814426e-01
5.015277794076078433e-02
-2.125097371618238640e-01
-1.338618427334841154e-01
-7.729235226445846374e-02
-1.755128052039669484e-01
-1.811851007212467168e-02
3.862484709379981895e-02
-6.947825210309188648e-02
-2.216365856360317799e-01
1.674995460909123879e-01
-7.671247718476764677e-02
2.309154109609118377e-01
2.570725750498398243e-02
