-3.695763555455403582e-01
-4.623119441916896388e-01
-3.775762527876704855e-01
4.668554473585007081e-02
4.815502929735153703e-01
1.251199036800169084e-01
3.777083724151348854e-01
4.992166730233976724e-01
-4.808131519342035975e-01
-6.618762128366750819e-02
2.148149744406704365e-01
2.299147918664855572e-01
3.083616528443687832e-01
3.292190116984924364e-01
2.334419726712680943e-01
-2.891919318424363006e-03
-1.842812907094382169e-01
4.775141104742112175e-01
-1.528392445639921160e-01
-4.076673990424736216e-01
2.482193565543839853e-01
-2.840283718340741448e-02
-1.387324117609723961e-01
-1.323808872146674531e-01
-4.600056438444858342e-01
-4.590903130251934305e-01
3.078183544916524017e-01
-1.796308844754792577e-01
2.784288047399736676e-01
4.676157166819637778e-01
4.326466536330419999e-02
1.230600647273942805e-01
3.020201700912328313e-01
-2.306104138339358789e-01
-1.262113405687868006e-01
2.634795648891621322e-01
4.827376810134448304e-01
-3.301629672285197881e-01
-1.028818210861760507e-01
-2.408657521265937795e-01
-2.169549953238040230e-01
2.881559915032552155e-01
4.829432733719579707e-01
-8.345929617485414731e-02
-3.344479299742866285e-01
4.021254940377551046e-01
-2.004831912569534635e-01
-4.665557150835379918e-01
-1.323117228550594326e-01
-1.001209645732045184e-01
1.786132908213091675e-01
-1.073830390618256692e-01
2.196707390112722091e-01
-1.021703786938503722e-01
1.443793581902053091e-01
-2.472147111946338960e-01
7.932517337190558848e-02
1.671385573244370537e-01
-2.956155271559872677e-01
2.599531461559011492e-01
1.820759442465548217e-01
1.369665196956243447e-01
3.320369940578659085e-01
-4.662893817458497736e-01
4.913883409931278923e-01
-1.799065155745893652e-02
1.134308215491197647e-01
4.956753148995250990e-01
-1.486850599645493931e-01
2.672328825195910973e-01
-4.327948955521740970e-01
-8.128897786042488249e-02
-4.469294693978975719e-02
-4.206225023218495007e-01
4.573116660185668758e-01
3.196363142948629443e-01
-8.229305262644559527e-02
-1.412231756861114240e-01
-3.150352773971362152e-01
1.119001434261590600e-01
2.369806405010937977e-01
-7.447265571107042348e-02
-4.302902656760501099e-01
3.734502453937190714e-01
4.002531303495675541e-01
-1.229681168702922989e-04
2.399782464822639572e-01
-7.826279594604690359e-03
2.190204271410393089e-01
-7.298510445970607385e-02
3.961567146878747225e-01
1.443554747381979864e-01
4.893430370734673795e-01
2.897970547528346819e-01
-1.829358031139055596e-01
4.703957674011127743e-02
-4.503554396982836217e-01
-3.219417658523454628e-01
-2.307839980436555694e-01
3.480700325078812662e-01
