-2.960588117660859497e-01
-3.369782432000036909e-01
-4.619404768769461711e-01
2.353040225926522622e-01
4.871671035472243672e-01
4.031284329948107148e-01
3.615325578062773548e-01
-1.644163714365008966e-01
-1.535747350811864642e-01
-6.512594810009986190e-03
4.934539597313873927e-01
4.574308558103115097e-01
-5.703459404374711106e-02
-3.084331271675261332e-01
-3.694199912580844458e-01
-1.622646890787098339e-01
3.166170901650641190e-01
-2.598513357477160168e-01
-2.380979365141047133e-01
3.002235651736998578e-01
2.526476593950717220e-01
1.135326963300722358e-01
-2.431698454572942536e-01
-4.905688039576783233e-01
-3.133140825611753222e-01
2.568444927091593222e-01
6.726557822782897045e-02
3.515677422044649614e-01
3.316484769455679826e-01
5.417426015002280160e-02
7.836811631305251602e-02
3.517831010708928341e-01
9.871582012786139781e-02
1.153219453014908691e-02
-1.341412450935519640e-02
-2.759699970658334722e-01
4.366231418288626376e-01
4.236329013886754868e-01
4.440863422871104138e-01
-3.672876167055673102e-01
-1.093426351804663854e-01
-8.434354349338524237e-02
-2.213565766649302491e-01
2.571511627778899634e-02
-1.796880185241981343e-01
4.687535375813189908e-01
-1.145643710438525309e-01
-4.410890783946308513e-01
-5.268131833097855488e-02
-6.550439705668231749e-02
-4.210366831615299787e-01
-2.268988512011627101e-03
4.764891958760072432e-01
-1.298707225720235892e-01
-7.915490321726992295e-02
4.392132192354095688e-01
-1.130845642653739436e-01
2.153678646477734659e-01
-2.415154008698666699e-01
-5.256633072292249409e-02
2.851314878911255235e-01
-3.690504127325597850e-01
-4.027457419846458553e-02
3.233409303912280208e-01
-1.576330145022103446e-01
-5.726774836412296121e-02
2.657033428962123356e-01
3.286706165332652363e-01
-2.512584121806162862e-01
-4.153182742305383535e-01
-1.176430983902809757e-02
1.866404370819780834e-01
-1.542015312826531259e-01
-4.610362955191475987e-01
3.428912516292401680e-01
8.484400820219484274e-02
-1.930253987432877238e-01
-3.119817535618080173e-01
2.433522697006695878e-02
2.609575218955955123e-01
7.704587060564982437e-03
3.082545067562048047e-01
-3.521102519684454757e-01
-1.024378066552563693e-01
3.869719778564895130e-02
-1.160356851723752802e-01
4.151433755965013850e-01
4.515129488388041068e-01
-2.851416562517590236e-01
4.649621635287339849e-01
-7.562899576331749696e-02
-2.328553099893546641e-01
-3.182315145933897194e-01
4.078161736566812134e-01
-2.502167749579298217e-02
-3.924129284144710628e-01
3.818235148319008010e-01
-3.701976920368079682e-01
-3.878759085561545028e-02
1.488708270563146030e-01
