1.506990669246804915e-02
-6.961036056991659615e-02
-1.260388943728899536e-01
-1.405502362392813676e-01
1.187632122054936845e-01
-1.411487833133641123e-01
6.075522273024608344e-02
1.772269949320065541e-01
-2.343659480126289441e-01
1.730099342746047042e-01
-2.388727228857492890e-01
7.769129135833580113e-02
-3.188144099210088456e-03
-1.595307171185114670e-01
-1.440923414561678939e-01
1.256914105325226960e-01
-2.425688151951774230e-01
-2.273465780742960352e-01
1.729087919312251032e-01
-1.592569388355126736e-01
-1.379243777233291612e-01
-1.865374064623398498e-01
-2.007354501854340389e-01
-2.341643538709989314e-01
4.667825642219447513e-02
2.431201274701147996e-01
-1.667610948205425769e-01
-2.375210786035606425e-01
-3.714129399085996930e-02
-1.684732674686635345e-01
-2.088181880193677453e-01
-1.426479130073088908e-01
-1.788476329841897638e-01
-2.262252834691630965e-01
1.015768047458837087e-01
-2.088152964361721931e-01
-1.697160354436955121e-02
2.091934458315127809e-01
2.383130596019988889e-02
1.273418528559074892e-01
1.246451619756755447e-02
1.493508270645957370e-01
-1.916924612234655045e-01
-1.872154445520772814e-01
1.519285765168476576e-02
-1.825338670729459989e-01
-1.048220411704526289e-01
2.381614274516071772e-01
1.189079705454577640e-01
3.763628635445126491e-02
3.447642964562386281e-02
8.288997939437098283e-02
-1.794288095014344164e-01
-1.454725901257628018e-01
1.170872832676112529e-01
-2.055956822680226059e-01
5.237083122180402617e-02
-8.225940575887097372e-02
2.260790657435197692e-01
-1.701422441952549769e-01
1.749005647558631860e-01
-1.358311625578927928e-01
-2.331296154959889289e-01
-1.119174161773411336e-01
5.486571035349308012e-02
2.362401900034040714e-01
-3.850922211366997194e-02
2.038197540967876531e-01
-5.832157597827591911e-02
-1.433643883754851522e-01
-2.029201367660144473e-01
4.691637524181224705e-03
1.247039974669149065e-01
-1.274305414271203474e-01
1.903079049274681300e-01
7.147246606252716239e-02
1.614137982461543719e-01
-2.488224131413476758e-01
6.286216170681524495e-02
1.822614100228980849e-01
2.010980385734064679e-01
-1.944265885168575125e-01
9.769060235163595785e-02
1.302976768224368698e-01
6.123838765257377803e-02
5.586407308064311739e-02
2.150036600563611788e-01
-3.822373342258877926e-02
2.288535880848046045e-01
1.417336581976741394e-01
1.472242645090055535e-01
-9.828777679329897543e-02
-1.181244855321497700e-01
1.094221143521065254e-01
9.247845603182169860e-02
-1.441878732181624545e-01
-2.213746101811465139e-01
1.067147671168667822e-01
-2.185653295000798968e-01
1.669827717857014782e-01
