7.238906830291663708e-02
-1.766606025079013320e-01
7.875464460237968645e-02
-8.130609282080464295e-02
1.717226226946446666e-01
-2.387544333537037211e-01
2.140957173293533966e-01
-1.149396048104867618e-01
-1.436770023736775315e-01
-8.703006545583424902e-02
2.896972341722053867e-02
1.416156228162269715e-01
-1.389631993116341446e-01
1.949651204574828212e-01
-2.318956022160642005e-01
-1.099325183134292616e-01
1.155206137119166865e-01
2.242465401699486049e-01
2.355514154205484711e-02
2.354870289789179338e-02
-2.184063125760912216e-01
-5.114433547615065967e-02
-2.150203588460400939e-01
-1.864701725319886649e-01
-2.228430295491190538e-03
3.334861827213925212e-02
-3.533520892421443405e-02
-8.922552094535912692e-02
-1.353039057248932586e-01
-2.238342020622210993e-01
1.240642956837781918e-01
-1.219069577743358002e-01
1.002748230067364577e-01
-1.108313261330631239e-01
6.826393012876541544e-02
1.081260831366699371e-01
-2.121031605988737967e-01
1.384779005659678708e-01
3.327656312551513507e-02
1.019745949269659779e-01
2.424730735065090403e-01
-9.314720389558311942e-02
1.720847586833635923e-01
7.315674545913558591e-02
-1.201793320437061774e-01
1.504370303528351216e-01
1.415056225374061172e-01
-2.208286993406208820e-01
4.458239609961422989e-02
1.153884867837186023e-01
-5.587201578018829995e-02
6.248933434215125926e-02
-1.428341930676520488e-01
-2.205843858678429026e-01
-1.828224413788808733e-01
1.483271588418547671e-01
-1.174833721489940142e-01
-1.250614978806241506e-01
7.985709376557931227e-02
-9.712305423173572816e-02
4.580490365062245273e-02
-7.464187728058208071e-02
-8.590900250641558822e-02
1.823179605269444892e-01
-5.349125055960568531e-02
1.231334758434898813e-03
2.442635478601859478e-01
-6.629489548882522287e-02
1.675354165047752697e-01
-2.377060850211897836e-01
1.804522439027119174e-01
3.577311488211948332e-02
1.111676544748120832e-01
-7.212600657552531436e-02
1.329561229889981155e-01
-2.482138906516557220e-01
5.529862363736920416e-02
-9.241809224187680361e-02
7.161361905354274304e-02
-2.466039190924865787e-01
2.253238202739074048e-01
2.303761578515549635e-01
1.444560210763383146e-01
-1.104371276223385934e-01
-2.464496821680934868e-01
6.356926077162527999e-02
-4.663593108593777625e-02
-3.026533233408790213e-03
-1.238759176764840375e-01
-6.841698626246395243e-02
-6.481123911307745677e-02
1.314724150429597005e-01
1.155039199518970161e-01
-2.352503197198860807e-01
1.425490034116985716e-01
-9.294018078946741923e-02
-2.464244014832583929e-04
-1.347926090095397100e-01
8.795284795217650498e-02
1.287966914194675905e-01
