7.501636058424138165e-02
5.782891548414936800e-02
2.136211185528313905e-01
-1.807514881041680233e-01
-1.668744203961432526e-01
1.832199495433417535e-02
-1.445766898370252074e-01
-9.737790410035540578e-02
-1.055692311176214537e-01
-3.510424196247746709e-02
5.352151374890745661e-02
1.529226360793158879e-01
-2.459484381614876480e-01
-2.553321501774663549e-02
1.253479898443446428e-01
-2.190009856129177535e-01
-1.581580855739862512e-01
-8.043741648879770834e-02
-1.248870649296952573e-01
1.807160327236562725e-01
-2.069866449227957261e-01
-5.077891193140504633e-03
-1.489497185787679312e-01
-1.066609302971369133e-01
1.664963640225700647e-01
-9.192244273704069935e-02
1.304163374046970469e-01
4.196980245036618928e-03
1.181474495284599580e-01
-1.006313173733255351e-01
1.699005476558327343e-01
1.987267529427338975e-02
2.391501698038670520e-01
-1.792648948510536799e-01
-1.504005988654212311e-01
-1.507428272559365734e-01
1.042386211782674876e-01
1.464158532494054810e-01
1.847836351456534909e-01
5.329677946991207005e-02
-1.527982094326590934e-01
2.004233158232833767e-01
1.484485222986253738e-01
-1.978575932333119791e-01
2.090593755298096879e-01
5.299365568716429831e-02
2.419295121711119712e-01
2.040508373101218575e-02
-1.341381972272570611e-02
-2.399795786389916641e-01
6.143232991450420233e-02
-1.662353583130870560e-01
2.237184267175053032e-01
-1.462065464265105974e-01
2.263527177703362758e-01
1.879789902922389122e-01
-2.202419836519508567e-01
1.318274840183061847e-01
-5.133690615470776208e-02
2.325916191429155955e-01
1.788482583341078902e-01
5.621239540148437186e-02
2.488861152238214247e-02
-8.531351077378396264e-02
-2.487330417160747431e-01
-9.120293920962740941e-02
-3.939990446513930156e-02
-1.873358535487523735e-01
4.598095047058470275e-02
3.813061020736463469e-02
-6.346972339565348786e-02
1.613968485438013745e-01
2.126823790646290013e-01
-2.496385927174920583e-01
-1.125485816158211527e-02
-2.224588425996762431e-01
1.231993770146490585e-01
-2.189290573503982484e-02
-2.064656291200295257e-01
2.255617344560828519e-01
6.192864536731407243e-02
-1.266992170819158936e-01
-1.433956784374021964e-01
-1.315660409859145674e-01
9.536294970843733898e-02
7.608372486990261363e-02
-1.230421821695772411e-01
-1.734211770251734563e-01
1.988469075888484316e-01
8.623637912771975333e-02
1.958811527909343209e-02
-1.175762975661246990e-01
7.605561690111023454e-02
2.415263711459170182e-02
1.036133648785704242e-01
-4.421358483027992836e-03
-1.497955172513084632e-01
9.316631479339865241e-02
-2.139280564964485265e-01
-2.979038406094713931e-02
