1.131450994296515078e-01
2.344651132176919783e-01
-9.736057346977977645e-02
1.002117894173835122e-01
-1.987507074971600618e-02
2.253594172831288600e-01
-3.657398656530386205e-02
8.870014973585405027e-02
-2.504176549649123062e-02
1.492740762932607823e-01
-1.612344841870378964e-01
-1.483520426583634366e-01
-1.434117389522877595e-01
1.101281844353038664e-01
1.302389303695347111e-01
-4.061123487322926273e-02
1.165939324969832436e-01
4.412391499220663649e-02
-1.975269712224725360e-01
2.440763126896585145e-01
1.419850523928020691e-01
5.981418264785387517e-02
1.369239091905369854e-01
-8.772670593487602586e-02
2.231563765861333537e-01
-1.618264270099895596e-01
-1.489708233155855877e-01
-9.559753715463986667e-02
-2.247910877547891761e-01
-1.703889120370311039e-02
6.332938149034256226e-02
-2.293477310558237892e-01
1.292732244748678871e-01
-1.187459965280922014e-01
1.588307173017211582e-02
-1.026790912876580641e-01
2.947357887728496717e-02
-4.197201013259044267e-03
5.437674144871124104e-02
1.059076687179648646e-01
2.352754192934406463e-01
-1.128215428240171292e-01
4.967259654626965393e-03
-1.029309499961538754e-01
-1.791834366537488621e-01
-5.939259081366110582e-03
2.001942004983611745e-01
1.977178539148005676e-01
-3.527598098414058692e-02
-1.537895082840985972e-01
-3.664016241133938312e-03
-2.396634406963596975e-01
1.543252853394638802e-02
-2.178350390241703960e-01
-2.198862357163357539e-01
1.022430512065610753e-01
1.741496412970833796e-01
-2.253540859172786237e-01
-9.395436946765683972e-02
-2.138087251649573028e-01
-1.938903387466729966e-01
-1.971742564550173493e-01
-1.819152098491321201e-01
-1.014168842584395325e-01
-2.021834026657883809e-01
-1.104918817470070813e-01
4.427361329724233130e-02
-1.920653211424958595e-01
-1.694456593634108277e-02
1.142772802645566355e-01
-2.606567746678140063e-02
-8.503082365813358079e-02
1.548891273510669131e-01
2.233432894635908328e-01
1.789652229812034867e-01
1.759478785538593493e-01
-1.793584796665342873e-02
-1.786186576448424157e-01
-1.798255254844973172e-01
1.793419396681063538e-01
-2.511667780764403890e-02
9.261124000727333216e-02
4.699972300117477575e-02
2.145366184418506794e-02
-7.989656749207424413e-02
1.170168105743429332e-01
-1.605278105779724962e-01
2.301908368428597917e-01
1.690579743571073990e-01
8.788885929603229563e-02
1.283809616730532954e-01
1.901479328793054813e-01
-1.034183951772890131e-01
2.286421624529331176e-01
-1.320514348836724916e-01
-8.110909889664502659e-02
2.032915759657313859e-01
1.082110241997913946e-01
1.971773960922325597e-01
-1.715188070129486375e-01
