-4.063934899613848017e-01
1.897935329946631722e-01
2.849533861368472865e-01
-4.124460877192679398e-01
-2.251840911276987711e-01
-1.337525519845226274e-01
5.172454849881935601e-03
-2.754932282020260415e-01
3.725271160084705491e-01
-2.091138384167026132e-01
2.294247429304414609e-01
-3.099518754579287938e-01
-1.331475123313601294e-01
-2.889059070045724154e-01
-1.142784822796587552e-01
-4.909047498734764314e-01
-4.140363914044419280e-01
4.362701329257187011e-01
3.385643752434462916e-01
-4.171402672875279549e-01
-3.173402485169973808e-01
4.582675144403802747e-01
-1.351362276682077646e-01
-1.751060122309080480e-01
2.832535492668146748e-01
3.386937512031468200e-01
4.304911750645797897e-01
8.535256250826517288e-02
2.438513087636795529e-02
-3.177979479165049526e-01
-4.045720023856306247e-01
-3.383149682625219423e-02
-4.924031304039340196e-01
-1.457739186792772479e-01
2.870116220445253497e-01
-3.824652423867463957e-01
1.887262098008640754e-01
1.604031809350727755e-01
2.542492855001307062e-01
-1.020021872204192048e-01
3.761188565217885582e-01
-3.945841668473605290e-01
3.410209858973640706e-01
2.258575443938746208e-01
9.786571607152727559e-02
1.548209464116711009e-01
-4.570606218344109850e-01
4.554436335295578564e-01
4.727509751280755124e-01
-1.838006605071681454e-01
-4.893803914738230620e-01
5.597866800967365997e-02
2.161827325264074062e-01
2.417865954699620623e-01
1.958604716178417027e-01
-1.943256681493078508e-01
2.971346317698330131e-01
2.511662000736456513e-01
5.780256221155066765e-02
-5.103427872885757388e-02
-3.171544821092107114e-01
4.800744172498017104e-02
1.568099830041725928e-01
-1.974363314759457477e-01
-2.760892456572623388e-01
-2.373076644833864712e-01
-2.998682687027823812e-01
-4.632949994530604076e-01
1.482251342442855169e-01
-3.578427141716049587e-01
-3.427785847508525441e-01
2.872399017183836500e-01
2.511973077167712898e-01
-2.685610315032016526e-02
-3.702881204191125208e-01
-3.774316717888155370e-01
4.215865140935568522e-01
-4.162126527151671640e-01
-3.066665947489199961e-01
-1.577872484131299657e-01
4.309959959693322462e-01
3.230876646890799009e-01
4.625654544560281467e-01
-4.311000952936214770e-01
2.756629412591972139e-01
-2.513434888326034899e-01
4.649958222102195116e-01
2.289371202866132826e-01
-2.404763925777750888e-01
2.553444260715017622e-01
-3.951381737885318879e-01
-1.916314865136770074e-02
7.773078300591695911e-02
4.481792021283218519e-01
8.389407415557892378e-02
2.039887771453942067e-01
1.841846440374572680e-02
-4.643347612027981519e-02
1.548718681221677995e-01
-9.296831228153323856e-02
