1.990913084286582979e-02
1.358286799752757013e-01
-7.288546376013527173e-02
1.993777444098991936e-01
2.854554982915329386e-01
8.922468614385559160e-02
2.688214560545418852e-01
-2.470612858155647462e-01
2.247044316013158127e-01
2.025282658714965267e-01
2.822213061806385648e-01
3.890894841957288630e-01
4.937048375101273923e-01
-1.607070375979818833e-01
4.058857886921639624e-01
3.742349899855869078e-01
1.822388700733079681e-02
8.884629921752851267e-02
-2.436042094168501260e-01
-4.186267373160550420e-01
-4.481592351845107292e-01
-1.211036212433070913e-01
1.172096028742286578e-02
3.296596270318832289e-01
2.928496791030117397e-01
2.930632308700610311e-01
2.674755078659477592e-01
1.969455028475745051e-01
2.237143963053035423e-01
-4.541911194787494610e-01
4.396122063636375144e-01
1.949773211661917083e-01
3.559423061895072848e-02
-4.780857821644313166e-02
-4.718932975622299741e-01
-1.462457122771761986e-01
-1.958149914330744590e-01
-1.453628772332488106e-01
2.977520676610424522e-01
-9.918865213183025720e-02
-9.467631648014718238e-02
-2.794183574840677364e-01
-4.656542653857043135e-02
4.516897954586840402e-02
9.348059973660216571e-02
4.672678009052798620e-01
-3.604269991506489079e-01
-3.823950944675418295e-01
-4.643939517064741285e-01
-1.929510826466780404e-01
3.610493623487954773e-01
2.864434682132862564e-01
4.532046701361571728e-01
2.168042495797236624e-01
-1.520695398900454576e-01
-1.535684832134313060e-01
-7.318166206270826368e-02
4.002699276412717833e-01
-1.344429727564167010e-02
-1.731366939433903740e-01
4.182967496799565588e-01
-1.963831474723108927e-01
-1.268216644580051344e-01
-2.377215705316459982e-01
-3.964847271054016131e-01
2.969423375551494271e-02
1.131816071601993157e-01
-3.025463814308144705e-01
-5.899252665693754949e-02
-3.556068739104589760e-02
-7.769536268416443736e-02
3.794219238417533280e-01
-1.198372855635986278e-01
-4.971292010164265474e-01
-1.883109388630168635e-01
-3.912984791609808166e-02
-6.536131724074345506e-02
-4.465709371167160269e-01
-6.597885294780736487e-02
4.233629217948904344e-01
-6.921346984176379724e-02
1.292239147062977933e-01
-1.359026847228547163e-01
-2.269866761996578441e-01
8.191874578169777710e-02
3.174161306034959384e-01
2.738252687301673260e-01
3.041692647131868377e-01
-3.961846677648106496e-02
2.350111886279678819e-01
3.523157629159228144e-01
1.118071245953927706e-01
2.877293260819397958e-01
1.569406247519311570e-01
2.640412918931094310e-01
-1.800757745399311771e-01
-1.921071581223476876e-02
-4.033096856342615055e-01
4.634565308729743371e-03
-3.943687134251485649e-01
