-1.397888264705526296e-01
7.576458320372458921e-02
2.406864204680418950e-01
6.131507484595061230e-02
-4.648440685203958367e-02
-3.449853509875683288e-02
-2.150445230169988897e-01
-2.142401389767640274e-01
1.772904506077168652e-01
3.815046631072416261e-02
2.249152175667314957e-01
1.647711139158519744e-01
-1.760608261530724472e-01
-1.748637869833311598e-01
1.366797292401275565e-01
-6.226082446636749257e-02
1.607926488161305345e-01
1.275591945892143864e-01
-6.938060903253506773e-02
2.263447176396553018e-01
9.133288259558325350e-02
-2.178174373340407421e-01
-2.058646382192691471e-01
2.483841076574931916e-01
-8.572013781425058543e-02
1.495116307922009780e-01
1.982878494899203980e-02
-2.856040257584069320e-03
-1.356415807777862637e-01
-1.058018541661414069e-01
1.698511146008718775e-02
3.373379973112705654e-02
-1.332222878235179708e-01
-6.850398492601161848e-02
2.091236250134775876e-01
2.424733554801118407e-01
-6.383432170083858104e-03
-3.968482080972413062e-02
8.739356814838766807e-02
-2.149962720452849863e-01
-1.537202037069391736e-01
-1.260532419047233899e-01
-1.960023248865072620e-01
-2.665361156407275445e-02
-1.713651257471038303e-01
-1.793906362969876489e-01
1.818395191061893401e-01
2.114247248355451969e-01
-2.478806027818663549e-01
5.553938368427163708e-02
1.618287496192102326e-01
-8.263520843735616683e-02
1.795914812278703310e-01
-2.335166306023491178e-01
6.467519487669165512e-02
-4.058064168957514761e-02
-5.403451706052364578e-02
1.408578759315293194e-01
1.697545286082537963e-01
-8.593262614792629428e-02
1.270576539394775439e-01
-7.525848204775431594e-02
6.009472128453352546e-02
-2.035059402549927454e-01
3.885799326893801808e-02
5.288824327909258383e-02
-1.514506937667109421e-02
-2.279710448157747371e-01
1.038863792019004695e-01
1.950744303556557480e-01
-1.464540441512168223e-01
2.447669849831261013e-01
7.326682451453597755e-02
-9.187109968379658653e-02
-2.403702244841535163e-01
-9.163275196550052515e-02
-3.819000213777984376e-02
-2.145032002401731641e-01
2.751408606902672194e-02
-1.775328318631202995e-02
-1.484046191938570569e-02
-2.093303844117208601e-01
-1.249516727488830248e-01
-2.071676883451040174e-01
-1.094803069054446909e-01
-2.988936393861379992e-02
-1.306132227756288122e-01
-2.212057713310947582e-01
3.537151073957928160e-02
-5.068488725712821941e-02
1.866436068188688235e-01
-4.295220451873782430e-02
-1.793165547715778740e-01
1.734054518400461320e-01
-1.641021322303433116e-01
-8.076277826897793055e-03
1.575787789740537015e-01
-7.190106951289743087e-02
-7.011321345218601842e-02
-8.406018466218145857e-02
